10
1.2564   2      1
1.2564   1      2
2.64334   6      3
1.2462   7      3
3.2806   6      4
4.16626   6      5
2.64334   3      6
3.2806   4      6
4.16626   5      6
1.2462   3      7

4.3194   8      0
4.19084   2      1
4.19084   1      2
1.99045   3      2
2.35824   6      2
3.22958   7      2
1.99045   2      3
2.5153   4      3
0.680152   5      3
3.51111   6      3
4.19398   7      3
2.5153   3      4
0.680152   3      5
2.35824   2      6
3.51111   3      6
3.22958   2      7
4.19398   3      7
4.3194   0      8

0.767177   8      0
3.90268   3      2
4.21524   4      2
3.99398   5      2
3.70157   6      2
2.98736   7      2
3.90268   2      3
3.60086   4      3
4.33793   5      3
4.21524   2      4
3.60086   3      4
3.99398   2      5
4.33793   3      5
3.70157   2      6
3.17589   7      6
2.98736   2      7
3.17589   6      7
0.767177   0      8

1.84349   1      0
1.84349   0      1
0.162506   3      1
1.07304   6      1
4.47262   7      1
1.17524   4      2
1.79176   5      2
0.162506   1      3
1.17524   2      4
3.13324   7      4
1.79176   2      5
1.83811   7      5
1.07304   1      6
3.04478   7      6
4.47262   1      7
3.13324   4      7
1.83811   5      7
3.04478   6      7

3.97127   1      0
3.97127   0      1
4.42473   3      1
4.25826   4      1
4.219   5      1
4.24415   6      1
4.42473   1      3
4.25826   1      4
3.0888   7      4
4.219   1      5
3.97366   7      5
4.24415   1      6
3.0888   4      7
3.97366   5      7

3.83222   2      0
1.02048   4      1
1.16233   5      1
4.47767   8      1
3.83222   0      2
0.332615   8      2
1.02048   1      4
1.16233   1      5
4.47767   1      8
0.332615   2      8

2.12888   2      0
2.12888   0      2
4.40039   8      2
2.95179   8      4
3.84944   8      5
4.40039   2      8
2.95179   4      8
3.84944   5      8

4.22422   4      0
4.45007   5      0
3.66924   6      0
4.22422   0      4
3.26179   8      4
4.45007   0      5
2.09611   8      5
3.66924   0      6
4.49979   8      6
3.26179   4      8
2.09611   5      8
4.49979   6      8

3.66149   3      0
1.14422   4      0
2.41035   6      0
4.3648   7      0
3.66149   0      3
3.25706   8      3
1.14422   0      4
2.41035   0      6
4.3648   0      7
0.55195   8      7
3.25706   3      8
0.55195   7      8

2.4226   3      0
0.542578   7      0
2.4226   0      3
2.95706   8      3
0.542578   0      7
4.36306   8      7
2.95706   3      8
4.36306   7      8


