44
4.4999     6      0
4.20917     9      0
1.02575     10      0
2.22444     23      0
1.66463     24      0
3.69947     25      0
1.84579     26      0
2.2216     35      0
1.17094     2      1
3.86869     6      1
3.32291     11      1
3.32598     27      1
3.5036     37      1
4.49701     38      1
1.17094     1      2
4.08837     9      2
3.88284     10      2
4.05789     11      2
4.1971     13      2
0.589328     14      2
4.35599     23      2
1.23599     25      2
0.3892     26      2
1.74267     31      2
0.0159858     33      2
0.565052     35      2
4.16843     4      3
4.48655     7      3
4.41319     11      3
4.36114     12      3
4.40466     15      3
4.45929     24      3
4.16843     3      4
4.33141     7      4
3.79393     11      4
4.1971     12      4
4.42691     15      4
4.35599     24      4
0.727911     33      4
4.44784     12      5
3.45888     24      5
3.76997     33      5
4.32299     37      5
4.278     41      5
